balljoint  {
	offset 0.00000 -0.99072 0.00054
	boxmin -0.01 0.00000 -0.01
	boxmax 0.01 0.00134 0.01
	orient 1.00000 0.00000 0.00000 0.00000 1.00000 0.00000 0.00000 0.00000 1.00000
	pose 0.00000 -0.00000 0.00000
	balljoint  {
		offset 0.00000 0.00059 0.00001
		boxmin -0.01 0.00000 -0.01
		boxmax 0.01 0.00116 0.01
		orient 1.00000 0.00000 -0.00000 -0.00000 0.99236 -0.12335 -0.00000 0.12335 0.99236
		pose 0.00000 0.00000 -0.00000
		balljoint  {
			offset 0.00000 0.00119 -0.00002
			boxmin -0.01 0.00000 -0.01
			boxmax 0.01 0.00168 0.01
			orient 1.00000 0.00000 0.00000 -0.00000 0.95413 0.29939 0.00000 -0.29939 0.95413
			pose -0.00000 0.00000 -0.00000
			balljoint  {
				offset 0.00000 0.00169 -0.00053
				boxmin -0.01 0.00000 -0.01
				boxmax 0.01 0.00076 0.01
				orient 1.00000 0.00000 -0.00000 -0.00000 0.98979 -0.14253 -0.00000 0.14253 0.98979
				pose 0.00000 -0.00000 0.00000
				balljoint  {
					offset 0.00000 0.00075 0.00011
					boxmin -0.01 0.00000 -0.01
					boxmax 0.01 0.00115 0.01
					orient 1.00000 0.00000 0.00000 0.00000 1.00000 -0.00000 0.00000 0.00000 1.00000
					pose 0.00000 -0.00000 0.00000
					balljoint  {
						offset -0.00033 0.00054 0.00048
						boxmin -0.01 0.00000 -0.01
						boxmax 0.01 0.00115 0.01
						orient 0.92786 -0.26907 0.25821 0.26907 0.00363 -0.96311 0.25821 0.96311 0.07576
						pose -0.00000 -0.00000 0.00000
					}
					balljoint  {
						offset 0.00033 0.00054 0.00048
						boxmin -0.01 0.00000 -0.01
						boxmax 0.01 0.00115 0.01
						orient 0.92789 0.26900 -0.25819 -0.26900 0.00347 -0.96313 -0.25819 0.96313 0.07558
						pose -0.00000 -0.00000 0.00000
					}
					balljoint  {
						offset 0.00000 -0.00000 0.00088
						boxmin -0.01 0.00000 -0.01
						boxmax 0.01 0.00115 0.01
						orient 1.00000 0.00000 -0.00000 -0.00000 0.00000 -1.00000 -0.00000 1.00000 0.00000
						pose 0.00000 -0.00000 0.00000
					}
					balljoint  {
						offset 0.00000 0.00006 0.00088
						boxmin -0.01 0.00000 -0.01
						boxmax 0.01 0.00115 0.01
						orient 1.00000 0.00000 0.00000 0.00000 0.00000 -1.00000 0.00000 1.00000 0.00000
						pose 0.00000 -0.00000 0.00000
					}
					balljoint  {
						offset 0.00050 0.00186 -0.00024
						boxmin -0.01 0.00000 -0.01
						boxmax 0.01 0.00118 0.01
						orient 0.07058 0.66463 0.74383 -0.66463 -0.52472 0.53192 0.74383 -0.53192 0.40470
						pose -0.00000 -0.00000 -0.00000
						balljoint  {
							offset 0.00078 -0.00062 -0.00063
							boxmin -0.01 0.00000 -0.01
							boxmax 0.01 0.00097 0.01
							orient 0.26283 0.28083 0.92307 -0.28083 -0.89302 0.35165 0.92307 -0.35165 -0.15585
							pose 0.00000 -0.00000 0.00000
							balljoint  {
								offset 0.00027 -0.00087 -0.00034
								boxmin -0.01 0.00000 -0.01
								boxmax 0.01 0.00097 0.01
								orient 0.39992 0.17278 0.90012 -0.17278 -0.95025 0.25917 0.90012 -0.25917 -0.35017
								pose 0.00000 -0.00000 0.00000
							}
						}
					}
					balljoint  {
						offset -0.00096 0.00057 0.00034
						boxmin -0.01 0.00000 -0.01
						boxmax 0.01 0.00074 0.01
						orient -0.93878 0.29093 0.18453 -0.29093 -0.95634 0.02769 0.18453 -0.02769 0.98244
						pose 0.00000 -0.00000 0.00000
						balljoint  {
							offset 0.00021 -0.00071 -0.00002
							boxmin -0.01 0.00000 -0.01
							boxmax 0.01 0.00074 0.01
							orient 0.53191 0.32929 -0.78016 -0.32929 -0.76835 -0.54882 -0.78016 0.54882 -0.30026
							pose -0.00000 -0.00000 -0.00000
						}
					}
					balljoint  {
						offset 0.00096 0.00057 0.00034
						boxmin -0.01 0.00000 -0.01
						boxmax 0.01 0.00074 0.01
						orient -0.93878 -0.29093 -0.18454 0.29093 -0.95634 0.02769 -0.18454 -0.02769 0.98243
						pose -0.00000 0.00000 -0.00000
						balljoint  {
							offset -0.00021 -0.00071 -0.00002
							boxmin -0.01 0.00000 -0.01
							boxmax 0.01 0.00074 0.01
							orient 0.54546 -0.35856 0.75757 0.35856 -0.71715 -0.59760 0.75757 0.59760 -0.26261
							pose -0.00000 0.00000 -0.00000
						}
					}
					balljoint  {
						offset -0.00056 0.00206 0.00054
						boxmin -0.01 0.00000 -0.01
						boxmax 0.01 0.00031 0.01
						orient 0.63651 -0.70793 0.30610 0.70793 0.37874 -0.59615 0.30610 0.59615 0.74223
						pose 0.00000 -0.00000 0.00000
						balljoint  {
							offset -0.00022 0.00012 0.00019
							boxmin -0.01 0.00000 -0.01
							boxmax 0.01 0.00038 0.01
							orient 0.72579 -0.61113 0.31584 0.61113 0.36201 -0.70390 0.31584 0.70390 0.63622
							pose 0.00000 -0.00000 0.00000
							balljoint  {
								offset -0.00023 0.00014 0.00027
								boxmin -0.01 0.00000 -0.01
								boxmax 0.01 0.00045 0.01
								orient 0.87031 -0.45755 0.18221 0.45755 0.61432 -0.64285 0.18221 0.64285 0.74401
								pose 0.00000 -0.00000 0.00000
								balljoint  {
									offset -0.00021 0.00028 0.00029
									boxmin -0.01 0.00000 -0.01
									boxmax 0.01 0.00037 0.01
									orient 0.99996 0.00935 0.00030 -0.00935 0.99794 0.06352 0.00030 -0.06352 0.99798
									pose 0.00000 0.00000 0.00000
									balljoint  {
										offset 0.00000 0.00037 -0.00002
										boxmin -0.01 0.00000 -0.01
										boxmax 0.01 0.00047 0.01
										orient 0.88735 0.40903 0.21285 -0.40903 0.48518 0.77285 0.21285 -0.77285 0.59783
										pose 0.00000 -0.00000 0.00000
										balljoint  {
											offset 0.00019 0.00023 -0.00036
											boxmin -0.01 0.00000 -0.01
											boxmax 0.01 0.00047 0.01
											orient 0.24197 0.62142 0.74518 -0.62142 -0.49057 0.61088 0.74518 -0.61088 0.26746
											pose -0.00000 -0.00000 -0.00000
										}
									}
								}
							}
						}
					}
					balljoint  {
						offset 0.00032 -0.00001 -0.00078
						boxmin -0.01 0.00000 -0.01
						boxmax 0.01 0.00027 0.01
						orient 0.68718 -0.22573 -0.69053 0.22573 -0.83712 0.49828 -0.69053 -0.49828 -0.52430
						pose -0.00000 0.00000 0.00000
						balljoint  {
							offset -0.00006 -0.00023 -0.00014
							boxmin -0.01 0.00000 -0.01
							boxmax 0.01 0.00031 0.01
							orient 0.92678 0.07941 0.36712 -0.07941 -0.91388 0.39815 0.36712 -0.39815 -0.84065
							pose 0.00000 -0.00000 0.00000
							balljoint  {
								offset 0.00002 -0.00029 -0.00012
								boxmin -0.01 0.00000 -0.01
								boxmax 0.01 0.00035 0.01
								orient 0.41117 0.23725 0.88014 -0.23725 -0.90441 0.35462 0.88014 -0.35462 -0.31558
								pose 0.00000 -0.00000 0.00000
								balljoint  {
									offset 0.00008 -0.00032 -0.00013
									boxmin -0.01 0.00000 -0.01
									boxmax 0.01 0.00038 0.01
									orient 0.19370 0.31121 0.93039 -0.31121 -0.87988 0.35911 0.93039 -0.35911 -0.07359
									pose 0.00000 -0.00000 0.00000
									balljoint  {
										offset 0.00012 -0.00034 -0.00014
										boxmin -0.01 0.00000 -0.01
										boxmax 0.01 0.00040 0.01
										orient 0.22129 0.33746 0.91496 -0.33746 -0.85376 0.39650 0.91496 -0.39650 -0.07505
										pose 0.00000 -0.00000 0.00000
										balljoint  {
											offset 0.00014 -0.00034 -0.00016
											boxmin -0.01 0.00000 -0.01
											boxmax 0.01 0.00041 0.01
											orient 0.37204 0.33093 0.86722 -0.33093 -0.82561 0.45702 0.86722 -0.45702 -0.19765
											pose 0.00000 -0.00000 0.00000
											balljoint  {
												offset 0.00013 -0.00033 -0.00019
												boxmin -0.01 0.00000 -0.01
												boxmax 0.01 0.00040 0.01
												orient 0.57339 0.29785 0.76323 -0.29785 -0.79205 0.53286 0.76323 -0.53286 -0.36544
												pose 0.00000 -0.00000 0.00000
												balljoint  {
													offset 0.00012 -0.00032 -0.00021
													boxmin -0.01 0.00000 -0.01
													boxmax 0.01 0.00040 0.01
													orient 0.76540 0.24195 0.59635 -0.24195 -0.75048 0.61502 0.59635 -0.61502 -0.51587
													pose 0.00000 -0.00000 0.00000
													balljoint  {
														offset 0.00010 -0.00030 -0.00024
														boxmin -0.01 0.00000 -0.01
														boxmax 0.01 0.00039 0.01
														orient 0.90513 0.16829 0.39041 -0.16829 -0.70147 0.69254 0.39041 -0.69254 -0.60660
														pose 0.00000 -0.00000 0.00000
														balljoint  {
															offset 0.00007 -0.00027 -0.00027
															boxmin -0.01 0.00000 -0.01
															boxmax 0.01 0.00039 0.01
															orient 0.97934 0.08505 0.18345 -0.08505 -0.64982 0.75532 0.18345 -0.75532 -0.62916
															pose 0.00000 -0.00000 0.00000
															balljoint  {
																offset 0.00003 -0.00025 -0.00029
																boxmin -0.01 0.00000 -0.01
																boxmax 0.01 0.00038 0.01
																orient 0.99999 0.00215 0.00434 -0.00215 -0.60533 0.79597 0.00434 -0.79597 -0.60532
																pose 0.00000 -0.00000 0.00000
																balljoint  {
																	offset 0.00000 -0.00023 -0.00030
																	boxmin -0.01 0.00000 -0.01
																	boxmax 0.01 0.00038 0.01
																	orient 0.98804 -0.07087 -0.13694 0.07087 -0.58003 0.81151 -0.13694 -0.81151 -0.56807
																	pose 0.00000 -0.00000 0.00000
																	balljoint  {
																		offset -0.00003 -0.00022 -0.00031
																		boxmin -0.01 0.00000 -0.01
																		boxmax 0.01 0.00037 0.01
																		orient 0.96164 -0.12591 -0.24373 0.12591 -0.58679 0.79989 -0.24373 -0.79989 -0.54842
																		pose 0.00000 -0.00000 0.00000
																		balljoint  {
																			offset -0.00005 -0.00022 -0.00030
																			boxmin -0.01 0.00000 -0.01
																			boxmax 0.01 0.00036 0.01
																			orient 0.93412 -0.15420 -0.32193 0.15420 -0.63907 0.75353 -0.32193 -0.75353 -0.57319
																			pose 0.00000 -0.00000 0.00000
																			balljoint  {
																				offset -0.00005 -0.00023 -0.00027
																				boxmin -0.01 0.00000 -0.01
																				boxmax 0.01 0.00034 0.01
																				orient 0.92087 -0.14198 -0.36311 0.14198 -0.74528 0.65147 -0.36311 -0.65147 -0.66614
																				pose 0.00000 -0.00000 0.00000
																				balljoint  {
																					offset -0.00005 -0.00025 -0.00022
																					boxmin -0.01 0.00000 -0.01
																					boxmax 0.01 0.00034 0.01
																					orient 0.95717 -0.06955 -0.28105 0.06955 -0.88707 0.45637 -0.28105 -0.45637 -0.84424
																					pose 0.00000 -0.00000 0.00000
																					balljoint  {
																						offset -0.00002 -0.00030 -0.00015
																						boxmin -0.01 0.00000 -0.01
																						boxmax 0.01 0.00037 0.01
																						orient 0.75395 0.06243 0.65396 -0.06243 -0.98416 0.16592 0.65396 -0.16592 -0.73811
																						pose 0.00000 -0.00000 0.00000
																						balljoint  {
																							offset 0.00002 -0.00037 -0.00006
																							boxmin -0.01 0.00000 -0.01
																							boxmax 0.01 0.00037 0.01
																							orient -0.44865 0.20175 -0.87064 -0.20175 -0.97190 -0.12125 -0.87064 0.12125 0.47674
																							pose 0.00000 -0.00000 0.00000
																						}
																					}
																				}
																			}
																		}
																	}
																}
															}
														}
													}
												}
											}
										}
									}
								}
							}
						}
					}
					balljoint  {
						offset -0.00032 -0.00001 -0.00078
						boxmin -0.01 0.00000 -0.01
						boxmax 0.01 0.00027 0.01
						orient 0.68718 0.22573 0.69053 -0.22573 -0.83712 0.49828 0.69053 -0.49828 -0.52430
						pose -0.00000 -0.00000 0.00000
						balljoint  {
							offset 0.00006 -0.00023 -0.00014
							boxmin -0.01 0.00000 -0.01
							boxmax 0.01 0.00031 0.01
							orient 0.92677 -0.07940 -0.36713 0.07940 -0.91391 0.39808 -0.36713 -0.39808 -0.84068
							pose 0.00000 -0.00000 0.00000
							balljoint  {
								offset -0.00002 -0.00029 -0.00012
								boxmin -0.01 0.00000 -0.01
								boxmax 0.01 0.00035 0.01
								orient 0.41118 -0.23728 -0.88013 0.23728 -0.90438 0.35468 -0.88013 -0.35468 -0.31556
								pose 0.00000 -0.00000 0.00000
								balljoint  {
									offset -0.00008 -0.00032 -0.00013
									boxmin -0.01 0.00000 -0.01
									boxmax 0.01 0.00038 0.01
									orient 0.19370 -0.31121 -0.93039 0.31121 -0.87988 0.35911 -0.93039 -0.35911 -0.07359
									pose 0.00000 -0.00000 0.00000
									balljoint  {
										offset -0.00012 -0.00034 -0.00014
										boxmin -0.01 0.00000 -0.01
										boxmax 0.01 0.00040 0.01
										orient 0.22129 -0.33746 -0.91496 0.33746 -0.85376 0.39650 -0.91496 -0.39650 -0.07505
										pose 0.00000 -0.00000 0.00000
										balljoint  {
											offset -0.00014 -0.00034 -0.00016
											boxmin -0.01 0.00000 -0.01
											boxmax 0.01 0.00041 0.01
											orient 0.37204 -0.33092 -0.86722 0.33092 -0.82561 0.45701 -0.86722 -0.45701 -0.19765
											pose -0.00000 -0.00000 0.00000
											balljoint  {
												offset -0.00013 -0.00033 -0.00019
												boxmin -0.01 0.00000 -0.01
												boxmax 0.01 0.00040 0.01
												orient 0.57339 -0.29785 -0.76323 0.29785 -0.79205 0.53286 -0.76323 -0.53286 -0.36544
												pose 0.00000 -0.00000 -0.00000
												balljoint  {
													offset -0.00012 -0.00032 -0.00021
													boxmin -0.01 0.00000 -0.01
													boxmax 0.01 0.00040 0.01
													orient 0.76540 -0.24195 -0.59634 0.24195 -0.75048 0.61502 -0.59634 -0.61502 -0.51588
													pose 0.00000 -0.00000 0.00000
													balljoint  {
														offset -0.00010 -0.00030 -0.00024
														boxmin -0.01 0.00000 -0.01
														boxmax 0.01 0.00039 0.01
														orient 0.90513 -0.16829 -0.39041 0.16829 -0.70147 0.69254 -0.39041 -0.69254 -0.60660
														pose 0.00000 -0.00000 0.00000
														balljoint  {
															offset -0.00007 -0.00027 -0.00027
															boxmin -0.01 0.00000 -0.01
															boxmax 0.01 0.00039 0.01
															orient 0.97934 -0.08505 -0.18345 0.08505 -0.64982 0.75532 -0.18345 -0.75532 -0.62916
															pose 0.00000 -0.00000 0.00000
															balljoint  {
																offset -0.00003 -0.00025 -0.00029
																boxmin -0.01 0.00000 -0.01
																boxmax 0.01 0.00038 0.01
																orient 0.99999 -0.00215 -0.00434 0.00215 -0.60533 0.79597 -0.00434 -0.79597 -0.60532
																pose 0.00000 -0.00000 0.00000
																balljoint  {
																	offset -0.00000 -0.00023 -0.00030
																	boxmin -0.01 0.00000 -0.01
																	boxmax 0.01 0.00038 0.01
																	orient 0.98804 0.07087 0.13694 -0.07087 -0.58003 0.81151 0.13694 -0.81151 -0.56807
																	pose 0.00000 -0.00000 0.00000
																	balljoint  {
																		offset 0.00003 -0.00022 -0.00031
																		boxmin -0.01 0.00000 -0.01
																		boxmax 0.01 0.00037 0.01
																		orient 0.96164 0.12591 0.24373 -0.12591 -0.58679 0.79989 0.24373 -0.79989 -0.54842
																		pose 0.00000 -0.00000 0.00000
																		balljoint  {
																			offset 0.00005 -0.00022 -0.00030
																			boxmin -0.01 0.00000 -0.01
																			boxmax 0.01 0.00036 0.01
																			orient 0.93412 0.15420 0.32193 -0.15420 -0.63907 0.75354 0.32193 -0.75354 -0.57319
																			pose 0.00000 -0.00000 0.00000
																			balljoint  {
																				offset 0.00005 -0.00023 -0.00027
																				boxmin -0.01 0.00000 -0.01
																				boxmax 0.01 0.00034 0.01
																				orient 0.92087 0.14198 0.36311 -0.14198 -0.74527 0.65147 0.36311 -0.65147 -0.66614
																				pose 0.00000 0.00000 0.00000
																				balljoint  {
																					offset 0.00005 -0.00025 -0.00022
																					boxmin -0.01 0.00000 -0.01
																					boxmax 0.01 0.00034 0.01
																					orient 0.95717 0.06955 0.28105 -0.06955 -0.88707 0.45637 0.28105 -0.45637 -0.84424
																					pose 0.00000 -0.00000 0.00000
																					balljoint  {
																						offset 0.00002 -0.00030 -0.00015
																						boxmin -0.01 0.00000 -0.01
																						boxmax 0.01 0.00037 0.01
																						orient 0.75394 -0.06243 -0.65397 0.06243 -0.98416 0.16592 -0.65397 -0.16592 -0.73810
																						pose 0.00000 -0.00000 0.00000
																						balljoint  {
																							offset -0.00002 -0.00037 -0.00006
																							boxmin -0.01 0.00000 -0.01
																							boxmax 0.01 0.00037 0.01
																							orient -0.44866 -0.20175 0.87063 0.20175 -0.97190 -0.12125 0.87063 0.12125 0.47676
																							pose 0.00000 -0.00000 0.00000
																						}
																					}
																				}
																			}
																		}
																	}
																}
															}
														}
													}
												}
											}
										}
									}
								}
							}
						}
					}
				}
			}
			balljoint der {
				offset 0.00017 0.00144 -0.00054
				boxmin -0.01 0.00000 -0.01
				boxmax 0.01 0.00093 0.01
				orient -0.26177 0.96312 0.06220 -0.96312 -0.26483 0.04748 0.06220 -0.04748 0.99693
				pose -0.00000 -0.00000 -0.00000
				balljoint  {
					offset 0.00086 -0.00024 -0.00004
					boxmin -0.01 0.00000 -0.01
					boxmax 0.01 0.00169 0.01
					orient -0.61876 0.78440 0.04303 -0.78440 -0.61991 0.02085 0.04303 -0.02085 0.99886
					pose 0.00000 0.00000 -0.00000
					balljoint L {
						offset 0.00099 -0.00079 -0.00002
						boxmin -0.01 0.00000 -0.01
						boxmax 0.01 0.00169 0.01
						orient -0.61920 0.78446 0.03485 -0.78446 -0.61995 0.01689 0.03485 -0.01689 0.99925
						pose 0.00000 0.00000 -0.00000
					}
					balljoint  {
						offset 0.00166 -0.00131 -0.00004
						boxmin -0.01 0.00000 -0.01
						boxmax 0.01 0.00109 0.01
						orient -0.61396 0.78372 -0.09400 -0.78372 -0.61943 -0.04564 -0.09400 0.04564 0.99453
						pose 0.00000 0.00000 0.00000
						balljoint _L {
							offset 0.00085 -0.00067 0.00005
							boxmin -0.01 0.00000 -0.01
							boxmax 0.01 0.00109 0.01
							orient -0.61393 0.78375 -0.09399 -0.78375 -0.61940 -0.04564 -0.09399 0.04564 0.99453
							pose -0.00000 -0.00000 -0.00000
						}
						balljoint  {
							offset 0.00141 -0.00112 0.00008
							boxmin -0.01 0.00000 -0.01
							boxmax 0.01 0.00063 0.01
							orient -0.61393 0.78936 0.00000 -0.78936 -0.61393 0.00000 0.00000 -0.00000 1.00000
							pose -0.00000 -0.00000 -0.00000
							balljoint  {
								offset 0.00014 -0.00024 0.00022
								boxmin -0.01 0.00000 -0.01
								boxmax 0.01 0.00025 0.01
								orient 0.49720 0.35484 -0.79176 -0.35484 -0.74958 -0.55876 -0.79176 0.55876 -0.24679
								pose 0.00000 -0.00000 0.00000
								balljoint  {
									offset 0.00009 -0.00019 0.00014
									boxmin -0.01 0.00000 -0.01
									boxmax 0.01 0.00020 0.01
									orient -0.10847 0.59251 -0.79823 -0.59251 -0.68329 -0.42668 -0.79823 0.42668 0.42518
									pose 0.00000 -0.00000 0.00000
									balljoint  {
										offset 0.00012 -0.00014 0.00009
										boxmin -0.01 0.00000 -0.01
										boxmax 0.01 0.00020 0.01
										orient -0.01078 0.57377 -0.81894 -0.57377 -0.67429 -0.46488 -0.81894 0.46488 0.33649
										pose 0.00000 0.00000 0.00000
									}
								}
							}
							balljoint r1_L {
								offset 0.00056 -0.00043 0.00018
								boxmin -0.01 0.00000 -0.01
								boxmax 0.01 0.00025 0.01
								orient -0.58035 0.81057 0.07850 -0.81057 -0.58425 0.04026 0.07850 -0.04026 0.99610
								pose 0.00000 -0.00000 0.00000
								balljoint r2_L {
									offset 0.00020 -0.00015 -0.00001
									boxmin -0.01 0.00000 -0.01
									boxmax 0.01 0.00020 0.01
									orient -0.54402 0.83459 0.08656 -0.83459 -0.54887 0.04679 0.08656 -0.04679 0.99515
									pose 0.00000 -0.00000 0.00000
									balljoint r3_L {
										offset 0.00017 -0.00011 -0.00001
										boxmin -0.01 0.00000 -0.01
										boxmax 0.01 0.00020 0.01
										orient -0.44966 0.88735 0.10209 -0.88735 -0.45685 0.06249 0.10209 -0.06249 0.99281
										pose 0.00000 -0.00000 0.00000
									}
								}
							}
							balljoint er1_L {
								offset 0.00056 -0.00042 0.00000
								boxmin -0.01 0.00000 -0.01
								boxmax 0.01 0.00028 0.01
								orient -0.51711 0.85478 -0.04414 -0.85478 -0.51839 -0.02487 -0.04414 0.02487 0.99872
								pose 0.00000 0.00000 -0.00000
								balljoint er2_L {
									offset 0.00024 -0.00015 0.00001
									boxmin -0.01 0.00000 -0.01
									boxmax 0.01 0.00024 0.01
									orient -0.57647 0.81562 -0.04946 -0.81562 -0.57802 -0.02559 -0.04946 0.02559 0.99845
									pose 0.00000 0.00000 0.00000
									balljoint er3_L {
										offset 0.00019 -0.00014 0.00001
										boxmin -0.01 0.00000 -0.01
										boxmax 0.01 0.00024 0.01
										orient -0.49196 0.86960 -0.04210 -0.86960 -0.49315 -0.02454 -0.04210 0.02454 0.99881
										pose 0.00000 0.00000 -0.00000
									}
								}
							}
							balljoint 1_L {
								offset 0.00052 -0.00043 -0.00016
								boxmin -0.01 0.00000 -0.01
								boxmax 0.01 0.00028 0.01
								orient -0.49351 0.85741 -0.14594 -0.85741 -0.50778 -0.08378 -0.14594 0.08378 0.98574
								pose 0.00000 0.00000 0.00000
								balljoint 2_L {
									offset 0.00024 -0.00014 0.00002
									boxmin -0.01 0.00000 -0.01
									boxmax 0.01 0.00022 0.01
									orient -0.49731 0.85515 -0.14628 -0.85515 -0.51160 -0.08354 -0.14628 0.08354 0.98571
									pose 0.00000 -0.00000 0.00000
									balljoint 3_L {
										offset 0.00018 -0.00011 0.00002
										boxmin -0.01 0.00000 -0.01
										boxmax 0.01 0.00022 0.01
										orient -0.44026 0.88670 -0.14119 -0.88670 -0.45410 -0.08693 -0.14119 0.08693 0.98616
										pose -0.00000 -0.00000 0.00000
									}
								}
							}
							balljoint er1_L {
								offset 0.00044 -0.00041 -0.00029
								boxmin -0.01 0.00000 -0.01
								boxmax 0.01 0.00022 0.01
								orient -0.55439 0.83145 -0.03656 -0.83145 -0.55525 -0.01956 -0.03656 0.01956 0.99914
								pose 0.00000 -0.00000 0.00000
								balljoint er2_L {
									offset 0.00018 -0.00012 0.00000
									boxmin -0.01 0.00000 -0.01
									boxmax 0.01 0.00015 0.01
									orient -0.57379 0.81484 -0.08248 -0.81484 -0.57811 -0.04271 -0.08248 0.04271 0.99568
									pose 0.00000 -0.00000 0.00000
									balljoint er3_L {
										offset 0.00012 -0.00009 0.00001
										boxmin -0.01 0.00000 -0.01
										boxmax 0.01 0.00015 0.01
										orient -0.51011 0.85601 -0.08384 -0.85601 -0.51477 -0.04752 -0.08384 0.04752 0.99535
										pose 0.00000 -0.00000 0.00000
									}
								}
							}
						}
						balljoint  {
							offset 0.00062 -0.00061 0.00034
							boxmin -0.01 0.00000 -0.01
							boxmax 0.01 0.00109 0.01
							orient 0.73700 -0.66567 0.11713 0.66567 0.68484 -0.29646 0.11713 0.29646 0.94784
							pose -0.00000 -0.00000 -0.00000
						}
						balljoint  {
							offset 0.00085 -0.00032 0.00005
							boxmin -0.01 0.00000 -0.01
							boxmax 0.01 0.00109 0.01
							orient 0.96184 -0.27360 0.00217 0.27360 0.96172 -0.01556 0.00217 0.01556 0.99988
							pose -0.00000 -0.00000 0.00000
						}
						balljoint  {
							offset 0.00062 -0.00063 -0.00027
							boxmin -0.01 0.00000 -0.01
							boxmax 0.01 0.00109 0.01
							orient 0.48973 -0.84394 -0.21893 0.84394 0.39580 0.36209 -0.21893 -0.36209 0.90607
							pose -0.00000 -0.00000 0.00000
						}
						balljoint  {
							offset 0.00049 -0.00078 0.00004
							boxmin -0.01 0.00000 -0.01
							boxmax 0.01 0.00109 0.01
							orient 0.32754 -0.94484 0.00260 0.94484 0.32753 -0.00366 0.00260 0.00366 0.99999
							pose -0.00000 -0.00000 0.00000
						}
					}
				}
				balljoint  {
					offset 0.00064 -0.00003 0.00072
					boxmin -0.01 0.00000 -0.01
					boxmax 0.01 0.00093 0.01
					orient 1.00000 -0.00000 0.00000 0.00000 1.00000 -0.00000 0.00000 0.00000 1.00000
					pose 0.00000 0.00000 -0.00000
				}
			}
			balljoint lder {
				offset -0.00017 0.00144 -0.00054
				boxmin -0.01 0.00000 -0.01
				boxmax 0.01 0.00093 0.01
				orient -0.26177 -0.96312 -0.06220 0.96312 -0.26483 0.04748 -0.06220 -0.04748 0.99693
				pose -0.00000 0.00000 0.00000
				balljoint  {
					offset -0.00086 -0.00024 -0.00004
					boxmin -0.01 0.00000 -0.01
					boxmax 0.01 0.00169 0.01
					orient -0.61874 -0.78439 -0.04338 0.78439 -0.61991 0.02102 -0.04338 -0.02102 0.99884
					pose -0.00000 0.00000 -0.00000
					balljoint R {
						offset -0.00099 -0.00079 -0.00002
						boxmin -0.01 0.00000 -0.01
						boxmax 0.01 0.00169 0.01
						orient -0.61919 -0.78446 -0.03496 0.78446 -0.61995 0.01694 -0.03496 -0.01694 0.99925
						pose 0.00000 -0.00000 0.00000
					}
					balljoint w {
						offset -0.00166 -0.00131 -0.00004
						boxmin -0.01 0.00000 -0.01
						boxmax 0.01 0.00109 0.01
						orient -0.61394 -0.78372 0.09413 0.78372 -0.61943 -0.04571 0.09413 0.04571 0.99451
						pose -0.00000 0.00000 0.00000
						balljoint _R {
							offset -0.00085 -0.00067 0.00005
							boxmin -0.01 0.00000 -0.01
							boxmax 0.01 0.00109 0.01
							orient -0.61391 -0.78375 0.09413 0.78375 -0.61940 -0.04571 0.09413 0.04571 0.99451
							pose -0.00000 0.00000 0.00000
						}
						balljoint t {
							offset -0.00141 -0.00112 0.00008
							boxmin -0.01 0.00000 -0.01
							boxmax 0.01 0.00063 0.01
							orient -0.61393 -0.78936 -0.00000 0.78936 -0.61393 0.00000 -0.00000 -0.00000 1.00000
							pose -0.00000 0.00000 -0.00000
							balljoint  {
								offset -0.00014 -0.00024 0.00022
								boxmin -0.01 0.00000 -0.01
								boxmax 0.01 0.00025 0.01
								orient 0.49736 -0.35478 0.79168 0.35478 -0.74958 -0.55880 0.79168 0.55880 -0.24694
								pose 0.00000 -0.00000 0.00000
								balljoint  {
									offset -0.00009 -0.00019 0.00014
									boxmin -0.01 0.00000 -0.01
									boxmax 0.01 0.00020 0.01
									orient -0.10833 -0.59247 0.79828 0.59247 -0.68329 -0.42673 0.79828 0.42673 0.42503
									pose 0.00000 -0.00000 -0.00000
									balljoint  {
										offset -0.00012 -0.00014 0.00009
										boxmin -0.01 0.00000 -0.01
										boxmax 0.01 0.00020 0.01
										orient -0.01066 -0.57374 0.81897 0.57374 -0.67430 -0.46492 0.81897 0.46492 0.33637
										pose 0.00000 -0.00000 0.00000
									}
								}
							}
							balljoint r1_R {
								offset -0.00056 -0.00043 0.00018
								boxmin -0.01 0.00000 -0.01
								boxmax 0.01 0.00025 0.01
								orient -0.58036 -0.81058 -0.07837 0.81058 -0.58425 0.04020 -0.07837 -0.04020 0.99611
								pose 0.00000 -0.00000 -0.00000
								balljoint r2_R {
									offset -0.00020 -0.00015 -0.00001
									boxmin -0.01 0.00000 -0.01
									boxmax 0.01 0.00020 0.01
									orient -0.54404 -0.83460 -0.08643 0.83460 -0.54888 0.04672 -0.08643 -0.04672 0.99516
									pose 0.00000 -0.00000 0.00000
									balljoint r3_R {
										offset -0.00017 -0.00011 -0.00001
										boxmin -0.01 0.00000 -0.01
										boxmax 0.01 0.00020 0.01
										orient -0.44968 -0.88735 -0.10198 0.88735 -0.45685 0.06242 -0.10198 -0.06242 0.99283
										pose 0.00000 -0.00000 -0.00000
									}
								}
							}
							balljoint er1_R {
								offset -0.00056 -0.00042 0.00000
								boxmin -0.01 0.00000 -0.01
								boxmax 0.01 0.00028 0.01
								orient -0.51725 -0.85469 0.04427 0.85469 -0.51855 -0.02494 0.04427 0.02494 0.99871
								pose -0.00000 0.00000 0.00000
								balljoint er2_R {
									offset -0.00024 -0.00015 0.00001
									boxmin -0.01 0.00000 -0.01
									boxmax 0.01 0.00024 0.01
									orient -0.57646 -0.81562 0.04959 0.81562 -0.57802 -0.02566 0.04959 0.02566 0.99844
									pose 0.00000 -0.00000 -0.00000
									balljoint er3_R {
										offset -0.00019 -0.00014 0.00001
										boxmin -0.01 0.00000 -0.01
										boxmax 0.01 0.00024 0.01
										orient -0.49215 -0.86949 0.04222 0.86949 -0.49334 -0.02460 0.04222 0.02460 0.99881
										pose 0.00000 -0.00000 0.00000
									}
								}
							}
							balljoint 1_R {
								offset -0.00052 -0.00043 -0.00016
								boxmin -0.01 0.00000 -0.01
								boxmax 0.01 0.00028 0.01
								orient -0.49365 -0.85730 0.14607 0.85730 -0.50794 -0.08384 0.14607 0.08384 0.98571
								pose 0.00000 -0.00000 0.00000
								balljoint 2_R {
									offset -0.00024 -0.00014 0.00002
									boxmin -0.01 0.00000 -0.01
									boxmax 0.01 0.00022 0.01
									orient -0.49709 -0.85526 0.14637 0.85526 -0.51140 -0.08362 0.14637 0.08362 0.98569
									pose 0.00000 -0.00000 -0.00000
									balljoint 3_R {
										offset -0.00018 -0.00011 0.00002
										boxmin -0.01 0.00000 -0.01
										boxmax 0.01 0.00022 0.01
										orient -0.44025 -0.88669 0.14130 0.88669 -0.45411 -0.08699 0.14130 0.08699 0.98614
										pose 0.00000 -0.00000 0.00000
									}
								}
							}
							balljoint er1_R {
								offset -0.00044 -0.00041 -0.00029
								boxmin -0.01 0.00000 -0.01
								boxmax 0.01 0.00022 0.01
								orient -0.55439 -0.83145 0.03667 0.83145 -0.55525 -0.01962 0.03667 0.01962 0.99913
								pose 0.00000 -0.00000 0.00000
								balljoint er2_R {
									offset -0.00018 -0.00012 0.00000
									boxmin -0.01 0.00000 -0.01
									boxmax 0.01 0.00015 0.01
									orient -0.57378 -0.81483 0.08261 0.81483 -0.57812 -0.04277 0.08261 0.04277 0.99566
									pose 0.00000 -0.00000 0.00000
									balljoint er3_R {
										offset -0.00012 -0.00009 0.00001
										boxmin -0.01 0.00000 -0.01
										boxmax 0.01 0.00015 0.01
										orient -0.51011 -0.85601 0.08394 0.85601 -0.51477 -0.04758 0.08394 0.04758 0.99533
										pose 0.00000 -0.00000 0.00000
									}
								}
							}
						}
						balljoint  {
							offset -0.00062 -0.00063 -0.00027
							boxmin -0.01 0.00000 -0.01
							boxmax 0.01 0.00109 0.01
							orient 0.73581 0.66258 0.13989 -0.66258 0.66175 0.35083 0.13989 -0.35083 0.92593
							pose 0.00000 -0.00000 -0.00000
						}
						balljoint  {
							offset -0.00085 -0.00032 0.00005
							boxmin -0.01 0.00000 -0.01
							boxmax 0.01 0.00109 0.01
							orient 0.96184 0.27360 -0.00217 -0.27360 0.96172 -0.01559 -0.00217 0.01559 0.99988
							pose 0.00000 -0.00000 0.00000
						}
						balljoint  {
							offset -0.00049 -0.00078 0.00004
							boxmin -0.01 0.00000 -0.01
							boxmax 0.01 0.00109 0.01
							orient 0.21226 0.97721 -0.00350 -0.97721 0.21225 -0.00434 -0.00350 0.00434 0.99998
							pose -0.00000 0.00000 -0.00000
						}
						balljoint  {
							offset -0.00062 -0.00061 0.00034
							boxmin -0.01 0.00000 -0.01
							boxmax 0.01 0.00109 0.01
							orient 0.55508 0.81544 -0.16413 -0.81544 0.49453 -0.30082 -0.16413 0.30082 0.93945
							pose -0.00000 0.00000 -0.00000
						}
					}
				}
				balljoint 1 {
					offset -0.00064 -0.00003 0.00072
					boxmin -0.01 0.00000 -0.01
					boxmax 0.01 0.00093 0.01
					orient 1.00000 0.00000 -0.00000 -0.00000 1.00000 -0.00000 -0.00000 0.00000 1.00000
					pose -0.00000 0.00000 -0.00000
				}
			}
			balljoint  {
				offset 0.00000 0.00185 -0.00002
				boxmin -0.01 0.00000 -0.01
				boxmax 0.01 0.00168 0.01
				orient 1.00000 0.00000 0.00000 -0.00000 1.00000 0.00000 0.00000 0.00000 1.00000
				pose 0.00000 -0.00000 0.00000
			}
		}
		balljoint  {
			offset -0.00059 0.00043 0.00085
			boxmin -0.01 0.00000 -0.01
			boxmax 0.01 0.00039 0.01
			orient 0.77703 -0.08620 0.62354 0.08620 -0.96668 -0.24105 0.62354 0.24105 -0.74371
			pose 0.00000 -0.00000 0.00000
			balljoint  {
				offset 0.00032 0.00005 -0.00002
				boxmin -0.01 0.00000 -0.01
				boxmax 0.01 0.00039 0.01
				orient 0.17945 0.96604 -0.18593 -0.96604 0.13732 -0.21889 -0.18593 0.21889 0.95787
				pose 0.00000 -0.00000 0.00000
			}
			balljoint  {
				offset -0.00017 0.00004 -0.00021
				boxmin -0.01 0.00000 -0.01
				boxmax 0.01 0.00039 0.01
				orient 0.43908 -0.82680 -0.35158 0.82680 0.21871 0.51823 -0.35158 -0.51823 0.77963
				pose 0.00000 -0.00000 0.00000
			}
			balljoint  {
				offset -0.00017 -0.00026 -0.00012
				boxmin -0.01 0.00000 -0.01
				boxmax 0.01 0.00090 0.01
				orient -0.86866 -0.46400 0.17358 0.46400 -0.88479 -0.04310 0.17358 0.04310 0.98388
				pose 0.00000 -0.00000 -0.00000
				balljoint  {
					offset -0.00042 -0.00080 0.00004
					boxmin -0.01 0.00000 -0.01
					boxmax 0.01 0.00094 0.01
					orient -0.80514 -0.35252 0.47696 0.35252 -0.93116 -0.09314 0.47696 0.09314 0.87398
					pose 0.00000 -0.00000 0.00000
					balljoint  {
						offset -0.00059 -0.00063 -0.00012
						boxmin -0.01 0.00000 -0.01
						boxmax 0.01 0.00094 0.01
						orient -0.89143 -0.27827 -0.35766 0.27827 -0.95906 0.05262 -0.35766 -0.05262 0.93237
						pose 0.00000 -0.00000 0.00000
					}
					balljoint  {
						offset -0.00008 -0.00097 0.00024
						boxmin -0.01 0.00000 -0.01
						boxmax 0.01 0.00094 0.01
						orient -0.90013 -0.16537 -0.40302 0.16537 -0.98561 0.03508 -0.40302 -0.03508 0.91452
						pose 0.00000 -0.00000 0.00000
					}
				}
			}
			balljoint  {
				offset -0.00005 -0.00061 0.00015
				boxmin -0.01 0.00000 -0.01
				boxmax 0.01 0.00039 0.01
				orient 0.94701 -0.04574 0.31792 0.04574 -0.96052 -0.27444 0.31792 0.27444 -0.90753
				pose 0.00000 -0.00000 0.00000
			}
		}
	}
	balljoint  {
		offset 0.00076 -0.00029 -0.00016
		boxmin -0.01 0.00000 -0.01
		boxmax 0.01 0.00394 0.01
		orient -0.44974 -0.06257 -0.89096 0.06257 -0.99730 0.03846 -0.89096 -0.03846 0.45244
		pose 0.00000 0.00000 -0.00000
		balljoint  {
			offset -0.00025 -0.00393 -0.00015
			boxmin -0.01 0.00000 -0.01
			boxmax 0.01 0.00412 0.01
			orient 0.24909 -0.06444 -0.96633 0.06444 -0.99447 0.08292 -0.96633 -0.08292 -0.24356
			pose 0.00000 0.00000 -0.00000
			balljoint  {
				offset -0.00027 -0.00410 -0.00034
				boxmin -0.01 0.00000 -0.01
				boxmax 0.01 0.00084 0.01
				orient 0.94960 0.13987 -0.28053 -0.13987 -0.61183 -0.77852 -0.28053 0.77852 -0.56143
				pose 0.00000 -0.00000 0.00000
				balljoint  {
					offset 0.00012 -0.00051 0.00065
					boxmin -0.01 0.00000 -0.01
					boxmax 0.01 0.00084 0.01
					orient 1.00000 -0.00000 0.00000 0.00000 0.00000 -1.00000 0.00000 1.00000 0.00000
					pose 0.00000 -0.00000 0.00000
				}
			}
		}
	}
	balljoint  {
		offset -0.00076 -0.00029 -0.00016
		boxmin -0.01 0.00000 -0.01
		boxmax 0.01 0.00394 0.01
		orient -0.45007 0.06257 0.89080 -0.06257 -0.99730 0.03844 0.89080 -0.03844 0.45277
		pose 0.00000 0.00000 0.00000
		balljoint  {
			offset 0.00025 -0.00393 -0.00015
			boxmin -0.01 0.00000 -0.01
			boxmax 0.01 0.00412 0.01
			orient 0.24924 0.06444 0.96630 -0.06444 -0.99447 0.08294 0.96630 -0.08294 -0.24370
			pose 0.00000 -0.00000 0.00000
			balljoint e {
				offset 0.00027 -0.00410 -0.00034
				boxmin -0.01 0.00000 -0.01
				boxmax 0.01 0.00084 0.01
				orient 0.94947 -0.14002 0.28089 0.14002 -0.61198 -0.77838 0.28089 0.77838 -0.56145
				pose -0.00000 0.00000 0.00000
				balljoint  {
					offset -0.00012 -0.00051 0.00065
					boxmin -0.01 0.00000 -0.01
					boxmax 0.01 0.00084 0.01
					orient 1.00000 -0.00000 0.00000 0.00000 0.00000 -1.00000 0.00000 1.00000 0.00000
					pose 0.00000 0.00000 0.00000
				}
			}
		}
	}
	balljoint  {
		offset -0.00116 0.00075 -0.00035
		boxmin -0.01 0.00000 -0.01
		boxmax 0.01 0.00063 0.01
		orient -0.35593 -0.45878 -0.81415 0.45878 -0.84478 0.27546 -0.81415 -0.27546 0.51116
		pose -0.00000 0.00000 0.00000
		balljoint  {
			offset -0.00029 -0.00053 -0.00017
			boxmin -0.01 0.00000 -0.01
			boxmax 0.01 0.00034 0.01
			orient -0.09025 -0.49898 -0.86190 0.49898 -0.77163 0.39447 -0.86190 -0.39447 0.31862
			pose 0.00000 -0.00000 0.00000
			balljoint  {
				offset -0.00017 -0.00026 -0.00013
				boxmin -0.01 0.00000 -0.01
				boxmax 0.01 0.00037 0.01
				orient 0.02555 -0.51467 -0.85701 0.51467 -0.72817 0.45264 -0.85701 -0.45264 0.24629
				pose 0.00000 -0.00000 0.00000
				balljoint  {
					offset -0.00019 -0.00027 -0.00017
					boxmin -0.01 0.00000 -0.01
					boxmax 0.01 0.00039 0.01
					orient 0.09531 -0.51335 -0.85287 0.51335 -0.70871 0.48395 -0.85287 -0.48395 0.19598
					pose -0.00000 0.00000 0.00000
					balljoint  {
						offset -0.00020 -0.00028 -0.00019
						boxmin -0.01 0.00000 -0.01
						boxmax 0.01 0.00040 0.01
						orient 0.13576 -0.49004 -0.86106 0.49004 -0.72213 0.48824 -0.86106 -0.48824 0.14211
						pose 0.00000 -0.00000 0.00000
						balljoint  {
							offset -0.00019 -0.00029 -0.00019
							boxmin -0.01 0.00000 -0.01
							boxmax 0.01 0.00040 0.01
							orient 0.16619 -0.42628 -0.88919 0.42628 -0.78206 0.45460 -0.88919 -0.45460 0.05175
							pose 0.00000 -0.00000 0.00000
						}
					}
				}
			}
		}
	}
	balljoint  {
		offset -0.00122 0.00038 -0.00065
		boxmin -0.01 0.00000 -0.01
		boxmax 0.01 0.00036 0.01
		orient -0.14735 -0.38782 -0.90988 0.38782 -0.86891 0.30755 -0.90988 -0.30755 0.27845
		pose -0.00000 0.00000 0.00000
		balljoint  {
			offset -0.00014 -0.00031 -0.00011
			boxmin -0.01 0.00000 -0.01
			boxmax 0.01 0.00037 0.01
			orient -0.04156 -0.40174 -0.91481 0.40174 -0.84505 0.35285 -0.91481 -0.35285 0.19651
			pose 0.00000 -0.00000 0.00000
			balljoint  {
				offset -0.00015 -0.00031 -0.00013
				boxmin -0.01 0.00000 -0.01
				boxmax 0.01 0.00038 0.01
				orient 0.04062 -0.41111 -0.91068 0.41111 -0.82383 0.39024 -0.91068 -0.39024 0.13555
				pose 0.00000 -0.00000 0.00000
				balljoint  {
					offset -0.00016 -0.00032 -0.00015
					boxmin -0.01 0.00000 -0.01
					boxmax 0.01 0.00039 0.01
					orient 0.09821 -0.41085 -0.90640 0.41085 -0.81282 0.41295 -0.90640 -0.41295 0.08897
					pose -0.00000 0.00000 0.00000
					balljoint  {
						offset -0.00016 -0.00032 -0.00016
						boxmin -0.01 0.00000 -0.01
						boxmax 0.01 0.00040 0.01
						orient 0.13579 -0.39635 -0.90800 0.39635 -0.81822 0.41644 -0.90800 -0.41644 0.04599
						pose 0.00000 -0.00000 0.00000
						balljoint  {
							offset -0.00016 -0.00032 -0.00017
							boxmin -0.01 0.00000 -0.01
							boxmax 0.01 0.00040 0.01
							orient 0.15974 -0.35976 -0.91927 0.35976 -0.84596 0.39359 -0.91927 -0.39359 -0.00571
							pose 0.00000 -0.00000 0.00000
						}
					}
				}
			}
		}
	}
	balljoint  {
		offset -0.00075 0.00062 -0.00087
		boxmin -0.01 0.00000 -0.01
		boxmax 0.01 0.00045 0.01
		orient 0.43991 -0.22496 -0.86941 0.22496 -0.90965 0.34920 -0.86941 -0.34920 -0.34955
		pose 0.00000 -0.00000 0.00000
		balljoint  {
			offset -0.00010 -0.00041 -0.00016
			boxmin -0.01 0.00000 -0.01
			boxmax 0.01 0.00045 0.01
			orient 0.43991 -0.22496 -0.86941 0.22496 -0.90964 0.34920 -0.86941 -0.34920 -0.34955
			pose 0.00000 -0.00000 0.00000
			balljoint  {
				offset -0.00010 -0.00041 -0.00016
				boxmin -0.01 0.00000 -0.01
				boxmax 0.01 0.00045 0.01
				orient 0.43990 -0.22493 -0.86942 0.22493 -0.90967 0.34916 -0.86942 -0.34916 -0.34957
				pose 0.00000 -0.00000 0.00000
				balljoint  {
					offset -0.00010 -0.00041 -0.00016
					boxmin -0.01 0.00000 -0.01
					boxmax 0.01 0.00045 0.01
					orient 0.43990 -0.22496 -0.86941 0.22496 -0.90965 0.34920 -0.86941 -0.34920 -0.34955
					pose 0.00000 -0.00000 0.00000
					balljoint  {
						offset -0.00010 -0.00041 -0.00016
						boxmin -0.01 0.00000 -0.01
						boxmax 0.01 0.00045 0.01
						orient 0.43990 -0.22493 -0.86942 0.22493 -0.90967 0.34916 -0.86942 -0.34916 -0.34957
